[gd_scene load_steps=9 format=3 uid="uid://dndaake5ns0gr"]

[ext_resource type="Script" path="res://scripts/ship.gd" id="1_og1tj"]
[ext_resource type="Script" path="res://scripts/something_in_the_way.gd" id="1_tok8g"]
[ext_resource type="PackedScene" uid="uid://ca0lf873xdtbc" path="res://assets/Obstacle.blend" id="4_7m85x"]
[ext_resource type="PackedScene" uid="uid://cgpyejg30gb8f" path="res://assets/PlayerShip.blend" id="4_tdnqd"]

[sub_resource type="Sky" id="Sky_6w4nb"]

[sub_resource type="Environment" id="Environment_pyc6q"]
background_mode = 2
sky = SubResource("Sky_6w4nb")
fog_enabled = true
fog_light_energy = 0.0
fog_sun_scatter = 0.38
fog_density = 0.0811

[sub_resource type="ConcavePolygonShape3D" id="ConcavePolygonShape3D_rdoqn"]

[sub_resource type="CapsuleShape3D" id="CapsuleShape3D_ow7xf"]

[node name="Space" type="Node3D"]

[node name="DirectionalLight3D" type="DirectionalLight3D" parent="."]
transform = Transform3D(1, 0, 0, 0, -0.568562, 0.82264, 0, -0.82264, -0.568562, 0, 9.66887, -1.05431)

[node name="WorldEnvironment" type="WorldEnvironment" parent="."]
environment = SubResource("Environment_pyc6q")

[node name="something in the way" type="StaticBody3D" parent="."]
transform = Transform3D(1, 0, 0, 0, 1, 0, 0, 0, 1, 0, 0, 23.5186)
script = ExtResource("1_tok8g")

[node name="CollisionShape3D" type="CollisionShape3D" parent="something in the way"]
shape = SubResource("ConcavePolygonShape3D_rdoqn")

[node name="Obstacle" parent="something in the way" instance=ExtResource("4_7m85x")]
transform = Transform3D(0.5, 0, 0, 0, 0.5, 0, 0, 0, 0.5, 0, 0, 0.00662041)

[node name="CharacterBody3D" type="CharacterBody3D" parent="."]
script = ExtResource("1_og1tj")

[node name="PlayerShip" parent="CharacterBody3D" instance=ExtResource("4_tdnqd")]

[node name="CollisionShape3D" type="CollisionShape3D" parent="CharacterBody3D"]
shape = SubResource("CapsuleShape3D_ow7xf")

[node name="following camera" type="Camera3D" parent="CharacterBody3D"]
transform = Transform3D(-1, -6.23681e-09, 8.72e-08, 5.80434e-08, 0.698515, 0.715595, -6.53736e-08, 0.715595, -0.698515, 3.26575e-07, 4.40009, -3.73558)
current = true

[node name="external camera" type="Camera3D" parent="."]
transform = Transform3D(0.0738623, 0.259982, -0.962784, -0.0198867, 0.965613, 0.25922, 0.99707, 6.21854e-09, 0.0764926, -9.86531, 2.40453, 4.45359)
