[gd_scene load_steps=8 format=3 uid="uid://dndaake5ns0gr"]

[ext_resource type="Script" path="res://ship.gd" id="1_og1tj"]
[ext_resource type="PackedScene" uid="uid://ca0lf873xdtbc" path="res://assets/Obstacle.blend" id="4_7m85x"]
[ext_resource type="PackedScene" uid="uid://cbm1iwikkxnqe" path="res://player_ship.tscn" id="4_8b1hv"]

[sub_resource type="BoxShape3D" id="BoxShape3D_h0rth"]

[sub_resource type="BoxShape3D" id="BoxShape3D_umul1"]

[sub_resource type="Sky" id="Sky_6w4nb"]

[sub_resource type="Environment" id="Environment_pyc6q"]
background_mode = 2
sky = SubResource("Sky_6w4nb")
fog_enabled = true
fog_light_energy = 0.0
fog_sun_scatter = 0.38
fog_density = 0.0811

[node name="Space" type="Node3D"]

[node name="something in the way" type="StaticBody3D" parent="."]
transform = Transform3D(1, 0, 0, 0, 1, 0, 0, 0, 1, 0, 0, 7.58198)

[node name="CollisionShape3D" type="CollisionShape3D" parent="something in the way"]
shape = SubResource("BoxShape3D_h0rth")

[node name="Obstacle" parent="something in the way/CollisionShape3D" instance=ExtResource("4_7m85x")]
transform = Transform3D(0.5, 0, 0, 0, 0.5, 0, 0, 0, 0.5, 0, 0, 0.00662041)

[node name="DirectionalLight3D" type="DirectionalLight3D" parent="."]
transform = Transform3D(1, 0, 0, 0, -0.568562, 0.82264, 0, -0.82264, -0.568562, 0, 9.66887, -1.05431)

[node name="CharacterBody3D" type="CharacterBody3D" parent="."]
script = ExtResource("1_og1tj")

[node name="PlayerShip" parent="CharacterBody3D" instance=ExtResource("4_8b1hv")]

[node name="CollisionShape3D" type="CollisionShape3D" parent="CharacterBody3D"]
shape = SubResource("BoxShape3D_umul1")

[node name="following camera" type="Camera3D" parent="CharacterBody3D"]
transform = Transform3D(-1, -6.23681e-09, 8.72e-08, 0, 0.997452, 0.0713408, -8.74228e-08, 0.0713408, -0.997452, 3.26575e-07, 1.33722, -3.73558)
current = true

[node name="WorldEnvironment" type="WorldEnvironment" parent="."]
environment = SubResource("Environment_pyc6q")

[node name="something in the way2" type="StaticBody3D" parent="."]
transform = Transform3D(1, 0, 0, 0, 1, 0, 0, 0, 1, -8.02063, 0, 39.6113)

[node name="CollisionShape3D" type="CollisionShape3D" parent="something in the way2"]
shape = SubResource("BoxShape3D_h0rth")

[node name="Obstacle" parent="something in the way2/CollisionShape3D" instance=ExtResource("4_7m85x")]
transform = Transform3D(2.40843, 0, 0, 0, 1.81612, 0, 0, 0, 0.5, 0.509872, 0.698845, 4.19214)

[node name="external camera" type="Camera3D" parent="."]
transform = Transform3D(0.0738623, 0.259982, -0.962784, -0.0198867, 0.965613, 0.25922, 0.99707, 6.21854e-09, 0.0764926, -9.86531, 2.40453, 4.45359)
